<?xml version="1.0" encoding="UTF-8"?>
<kml xmlns="http://www.opengis.net/kml/2.2">
  <Document>
    <Style id="transBluePoly">
      <LineStyle>
        <width>1.5</width>
      </LineStyle>
      <PolyStyle>
        <color>7dff0000</color>
      </PolyStyle>
    </Style>
  <Placemark>
      <LineString>
        <extrude>1</extrude>
        <tessellate>1</tessellate>
        <altitudeMode>absolute</altitudeMode>
        <coordinates> 
		18.6139011333333,54.3710527666667,55.8
18.6139005833333,54.37104595,55.4
18.6138967666667,54.3710464166667,55.7
18.6138928333333,54.3710465333333,55.8
18.61389375,54.3710424333333,55.4
18.6138933833333,54.3710428,55.5
18.6138922,54.3710421166667,55.5
18.6138905333333,54.3710441166667,55.3
18.61389355,54.37104345,56.3
18.6138937333333,54.37104075,56.7
18.6138951666667,54.3710398333333,56.3
18.6138943833333,54.3710373666667,56.4
18.6138918166667,54.3710331666667,56.6
18.6138900833333,54.3710249666667,56.4
18.6138875833333,54.3710225333333,56.5
18.6138867666667,54.37102045,56.5
18.6138855,54.37101885,57
18.6138873666667,54.371017,57.5
18.61388755,54.37101555,57.6
18.6138879,54.37101535,57.6
18.61388795,54.3710152833333,57.6
18.6138878666667,54.3710152666667,57.6
18.61388795,54.3710153333333,57.5
18.6138880166667,54.37101535,57.5
18.6138880833333,54.37101535,57.5
18.6138881666667,54.3710152833333,57.5
18.6138882166667,54.3710152333333,57.5
18.6138857166667,54.3710014833333,57.4
18.6138763666667,54.3710017166667,57
18.6138676166667,54.3709993166667,56.8
18.6138609166667,54.37099225,56
18.6138572166667,54.37098815,55.6
18.6138456666667,54.3709823166667,54.5
18.6138367,54.3709822833333,54.5
18.6138306333333,54.3709824333333,54.5
18.6138260166667,54.3709784333333,54.2
18.61382775,54.3709812666667,54.7
18.6138298666667,54.3709918666667,56.2
18.6138342166667,54.3709913,55.9
18.6138366666667,54.3709931833333,56.2
18.61383905,54.37099475,56.5
18.6138388333333,54.3709946833333,56.5
18.6138387,54.3709946333333,56.5
18.6138387,54.3709946333333,56.5
18.6138387,54.3709947166667,56.5
18.6138387333333,54.3709947833333,56.5
18.61383685,54.3709984666667,57.4
18.6138341833333,54.3710030833333,58.3
18.6138309666667,54.37099685,57.3
18.61383385,54.37100695,58.2
18.6138364166667,54.3710175666667,58.5
18.61383835,54.3710224833333,58.6
18.6138426333333,54.3710273666667,59
18.6138445,54.3710289666667,59.3
18.6138471833333,54.3710309166667,59.7
18.6138503666667,54.37103445,60.1
18.6138521833333,54.3710346833333,60.2
18.61385435,54.3710369166667,60.5
18.6138547833333,54.3710375333333,60.5
18.6138549833333,54.3710378666667,60.5
18.61385505,54.3710379333333,60.5
18.61385505,54.3710379166667,60.5
18.6138558,54.3710362833333,60.4
18.6138579,54.3710310333333,59.8
18.61385785,54.37102995,59.8
18.6138579166667,54.3710296,59.7
18.6138580166667,54.37102945,59.7
18.61385805,54.3710292166667,59.7
18.61385815,54.3710291833333,59.7
18.6138582,54.3710291,59.7
18.61385825,54.3710289666667,59.7
18.6138583333333,54.3710288333333,59.7
18.6138584166667,54.3710287333333,59.6
18.6138585166667,54.3710287333333,59.6
18.6138585833333,54.3710287166667,59.6
18.6138586666667,54.3710286666667,59.6
18.6138587,54.3710286666667,59.6
18.6138587666667,54.3710286666667,59.6
18.6138587833333,54.3710286666667,59.6
18.6138587666667,54.3710286666667,59.6
18.61385875,54.3710286333333,59.6
18.6138587833333,54.37102865,59.6
18.6138587833333,54.37102865,59.6
18.6138587833333,54.3710286166667,59.6
18.6138588333333,54.3710285833333,59.6
18.6138587333333,54.37102855,59.6
18.61385865,54.37102855,59.6
18.6138585833333,54.3710285,59.6
18.6138585166667,54.3710285,59.6
18.61385845,54.3710284166667,59.6
18.6138501166667,54.3710119666667,59
18.6138648833333,54.3710018666667,57.2
18.61386265,54.3710061666667,57.1
18.6138575,54.3709945,56.6
18.6138538,54.3709950833333,56.5
18.61385315,54.3709940333333,56.3
18.6138526,54.3709930166667,56.1
18.6138478,54.3709940833333,56
18.6138469,54.3709931666667,56
18.61384595,54.3709927833333,55.9
18.6138471,54.37099425,55.9
18.61384715,54.3709936166667,55.9
18.6138472166667,54.3709934833333,55.9
18.6138473166667,54.3709939666667,55.9
18.6138472,54.37099365,55.9
18.6138472333333,54.37099365,55.9
18.6138467666667,54.3709934833333,55.9
18.6138467666667,54.37099355,55.9
18.6138467,54.3709941666667,56
18.6138467,54.3709941166667,56
18.61384665,54.3709941,56
18.6138465166667,54.37099405,56
18.6138465666667,54.3709940833333,56
18.61384655,54.3709940666667,56
18.6138465166667,54.3709940666667,56
18.6138465333333,54.3709940333333,56
18.6138466,54.3709944333333,56
18.6138466166667,54.37099445,56
18.6138466333333,54.3709946333333,56
18.6138466666667,54.3709946,56
18.6138466833333,54.3709945833333,56
18.6138467166667,54.3709945666667,56
18.61384675,54.3709945833333,56
18.6138467333333,54.37099465,56
18.6138467333333,54.3709946666667,56
18.6138467333333,54.3709946666667,56
18.61384675,54.3709947,56
18.61384675,54.37099475,56
18.61384675,54.37099475,56
18.6138467333333,54.3709947166667,56
18.6138466833333,54.3709946833333,56
18.6138466666667,54.3709946333333,56
18.6138466666667,54.3709945833333,56
18.6138466333333,54.3709945166667,56
18.6138466,54.3709944666667,56
18.6138466,54.37099445,56
18.6138465666667,54.37099445,56
18.6138465,54.3709945333333,56
18.6138465166667,54.3709945,56
18.61384655,54.3709944333333,56
18.6138465333333,54.3709944333333,56
18.6138464833333,54.3709944166667,56
18.6138465333333,54.3709944,56
18.6138464833333,54.3709943666667,56
18.6138464,54.3709942166667,56
18.6138463833333,54.3709941833333,56
18.6138463666667,54.37099415,56
18.6138463666667,54.37099405,56
18.61384635,54.3709940333333,56
18.6138463,54.3709939833333,56
18.6138462666667,54.37099395,56
18.6138462333333,54.3709939,55.9
18.6138461833333,54.3709938666667,55.9
18.6138462166667,54.3709938333333,55.9
18.6138462166667,54.37099385,55.9
18.6138462666667,54.3709938833333,55.9
18.6138462833333,54.3709939,55.9
18.6138463166667,54.3709938833333,55.9
18.6138463166667,54.3709938666667,55.9
18.6138462833333,54.37099385,55.9
18.6138462666667,54.3709937333333,55.9
18.6138462333333,54.37099365,55.9
18.6138461666667,54.3709935,55.9
18.6138461,54.3709934166667,55.9
18.6138460833333,54.3709933666667,55.9
18.6138461,54.3709934166667,55.9
18.6138461166667,54.3709934333333,55.9
18.6138461166667,54.3709934,55.9
18.6138461666667,54.3709933666667,55.9
18.6138461833333,54.3709932833333,55.9
18.6138461833333,54.37099325,55.9
18.61384625,54.3709931333333,55.9
18.6138476666667,54.3709818833333,57.7
18.61382395,54.3709692,55
18.6138285833333,54.3709737666667,56.5
18.6138324333333,54.3709697,56.3
18.6138305333333,54.3709630833333,56.2
18.6138326666667,54.3709625666667,56.5
18.6138329,54.3709601833333,55.7
18.6138321,54.37095345,56.2
18.6138352333333,54.3709526,56.8
18.6138292833333,54.37094785,57.2
18.6138243833333,54.3709466833333,56.4
18.6138279833333,54.3709497166667,55.9
18.6138306333333,54.3709494833333,55.7
18.6138303833333,54.3709481666667,55.6
18.6138298666667,54.37094215,55.7
18.6138269666667,54.3709398166667,54.8
18.61383295,54.3709402,55
18.6138303166667,54.3709356666667,55
18.6138318,54.3709360166667,54.9
18.6138317666667,54.370937,54.9
18.6138322,54.3709365166667,54.4
18.61383055,54.370937,53.6
18.61383325,54.3709351333333,52.9
18.61383655,54.3709353166667,52.1
18.6138363,54.3709344666667,51.6
18.6138372,54.37093465,51.4
18.6138361833333,54.3709316,51.4
18.6138360666667,54.370931,51.4
18.6138417833333,54.37093705,51.1
18.6138370166667,54.37094445,51.6
18.6138409,54.3709458333333,51.9
18.6138431666667,54.3709470666667,51.5
18.6138443666667,54.3709473833333,51.5
18.6138475166667,54.3709493166667,51.8
18.6138542166667,54.3709490166667,51.5
18.6138613666667,54.37095365,52.5
18.6138627666667,54.3709527,52.6
18.6138657833333,54.37095405,52.6
18.6138631666667,54.3709535333333,52.5
18.6138584666667,54.3709511,52.3
18.6138579,54.3709506666667,52.3
18.6138576166667,54.3709503666667,52.2
18.61385755,54.3709503,52.2
18.61385745,54.37095025,52.2
18.6138574166667,54.3709502333333,52.2
18.61385735,54.3709501833333,52.2
18.61385735,54.3709501666667,52.2
18.6138573,54.3709501333333,52.2
18.6138572666667,54.3709501,52.2
18.6138572,54.3709500333333,52.2
18.6138571833333,54.37095005,52.2
18.6138571833333,54.37095005,52.2
18.61385715,54.37095005,52.2
18.6138570666667,54.3709500333333,52.2
18.6138570666667,54.3709500333333,52.2
18.6138569833333,54.3709500166667,52.2
18.61385685,54.37094995,52.2
18.6138568333333,54.3709499833333,52.2
18.6138568166667,54.37095,52.2
18.6138568,54.3709500333333,52.2
18.6138567833333,54.37095005,52.2
18.6138567833333,54.3709500666667,52.2
18.6138567666667,54.37095005,52.2
18.61385675,54.3709500333333,52.2
18.6138567,54.37095,52.2
18.6138566666667,54.3709500333333,52.2
18.6138566,54.3709500166667,52.2
18.6138565166667,54.3709499833333,52.2
18.61385645,54.3709499666667,52.2
18.6138564333333,54.3709499833333,52.2
18.6138564166667,54.3709500166667,52.2
18.6138564166667,54.37095005,52.2
18.6138563833333,54.3709501,52.2
18.6138563666667,54.3709501333333,52.2
18.6138562833333,54.3709501166667,52.2
18.6138562833333,54.3709500833333,52.2
18.6138562833333,54.3709500833333,52.2
18.61385625,54.3709500333333,52.2
18.6138562666667,54.3709501166667,52.2
18.6138562166667,54.3709501333333,52.2
18.6138561666667,54.3709501666667,52.2
18.6138561333333,54.3709501833333,52.2
18.6138560833333,54.3709501833333,52.2
18.6138560666667,54.37095015,52.2
18.6138560333333,54.3709501,52.2
18.6138559666667,54.3709500666667,52.2
18.6138559333333,54.3709500333333,52.2
18.6138559,54.3709499833333,52.2
18.6138558666667,54.37094995,52.2
18.6138557833333,54.3709498333333,52.2
18.61385575,54.3709497666667,52.2
18.6138556833333,54.3709496833333,52.2
18.6138555833333,54.3709495833333,52.2
18.61385555,54.3709495166667,52.2
18.6138554833333,54.37094945,52.2
18.6138554666667,54.3709494333333,52.2
18.6138554333333,54.3709494166667,52.2
18.6138553833333,54.3709493666667,52.2
18.6138553333333,54.37094935,52.2
18.6138552666667,54.3709492833333,52.2
18.6138552166667,54.3709492333333,52.2
18.6138551166667,54.3709492,52.2
18.6138551,54.3709491333333,52.2
18.6138550833333,54.3709490833333,52.2
18.6138551,54.3709490833333,52.2
18.61385505,54.37094905,52.2
18.6138550166667,54.3709490166667,52.2
18.6138549833333,54.3709489666667,52.2
18.61385495,54.3709489166667,52.2
18.6138549333333,54.37094895,52.2
18.61385495,54.3709489666667,52.2
18.613855,54.3709489833333,52.2
18.6138549666667,54.3709489833333,52.2
18.6138548833333,54.3709490166667,52.2
18.6138548833333,54.3709490166667,52.2
18.6138548833333,54.3709489833333,52.2
18.6138548666667,54.37094895,52.2
18.6138548333333,54.3709489333333,52.1
18.6138548,54.3709489,52.1
18.6138547666667,54.3709488666667,52.1
18.61385475,54.3709488833333,52.1
18.6138547,54.3709489,52.1
18.6138546833333,54.3709489,52.1
18.6138546833333,54.3709489166667,52.1
18.6138577166667,54.3709485,52.2
18.6138566166667,54.3709439666667,51.9
18.6138515666667,54.3709400166667,51.5
18.61384615,54.3709363833333,51.4
18.6138457833333,54.3709341166667,51.4
18.6138439333333,54.3709304,51.4
18.6138433666667,54.3709275,51.4
18.6138397,54.3709238333333,50.8
18.6138355,54.3709248166667,50.5
18.6138303833333,54.3709257166667,50.4
18.61382605,54.3709265166667,50.4
18.6138261666667,54.3709362333333,50.3
18.6138241166667,54.37093905,50
18.6138240333333,54.3709388166667,49.9
18.61382355,54.3709388,49.9
18.6138232833333,54.3709387333333,50
18.61382325,54.3709387333333,50
18.6138232166667,54.37093865,50
18.6138231833333,54.3709386333333,50
18.6138231833333,54.3709386333333,50
18.6138231666667,54.3709386166667,50
18.6138231833333,54.3709385666667,50
18.6138232166667,54.3709386166667,50
18.61382325,54.37093865,50
18.6138232833333,54.37093855,50
18.6138232666667,54.3709385333333,50
18.6138232666667,54.3709385333333,50
18.6138286833333,54.3709389333333,50.7
18.6138359333333,54.3709410833333,50.5
18.61383705,54.3709381666667,50.2
18.6138371833333,54.3709386,50.4
18.6138350166667,54.3709365666667,50
18.6138357833333,54.3709365,50
18.6138359833333,54.3709350166667,49.7
18.6138381666667,54.37093265,49.2
18.6138404166667,54.3709330166667,49.6
18.6138431833333,54.37092985,49.7
18.6138451166667,54.3709279,49.5
18.6138467666667,54.3709280166667,49.3
18.6138468333333,54.3709278166667,49.3
18.6138471333333,54.3709278166667,49.3
18.6138472333333,54.3709277666667,49.3
18.6138473333333,54.3709277666667,49.3
18.61385085,54.3709292666667,49.4
18.6138533333333,54.3709322666667,49.9
18.6138575833333,54.3709359166667,49.7
18.6138594833333,54.37093755,49.2
18.61385905,54.3709397,49.1
18.6138611666667,54.3709391166667,49.2
18.6138625833333,54.3709388166667,49.2
18.6138667,54.3709391666667,49
18.61386665,54.37093965,48.8
18.61387235,54.3709376333333,48.6
18.6138781166667,54.3709405166667,48.2
18.6138834166667,54.3709383,47.9
18.6138824333333,54.3709343166667,48.2
18.6138867333333,54.3709317166667,47.8
18.6138896333333,54.3709334333333,47.9
18.6138905666667,54.3709338333333,47.9
18.6138928166667,54.3709365,47.5
18.6138946333333,54.37093995,47.3
18.6138923,54.3709407333333,47.4
18.6138941333333,54.3709408666667,47.9
18.61389405,54.37094095,48
18.6138944166667,54.37094085,48.1
18.6138944166667,54.3709402666667,48.1
18.6138945333333,54.37094045,48.2
18.6138945166667,54.37094045,48.2
18.6138944833333,54.3709404333333,48.2
18.6138945833333,54.3709404833333,48.2
18.6138947,54.3709405,48.2
18.6138948166667,54.37094055,48.2
18.6138948166667,54.3709405666667,48.2
18.6138947833333,54.3709405666667,48.2
18.6138947333333,54.37094055,48.2
18.6138947,54.3709405166667,48.2
18.6138946833333,54.3709404666667,48.2
18.61389465,54.3709404,48.2
18.6138946333333,54.3709403333333,48.2
18.6138945833333,54.3709403,48.2
18.613893,54.3709397333333,48.2
18.6138955833333,54.3709415,47.9
18.6139029,54.37093625,47.6
18.6139024833333,54.3709344833333,47.5
18.6139016666667,54.3709377,47.1
18.6138955666667,54.3709442166667,46.3
18.6138901166667,54.37094485,45.9
18.61388425,54.3709431833333,45.7
18.6138847166667,54.3709423666667,45.9
18.6138871333333,54.3709409833333,46.5
18.6138860666667,54.37094205,46.9
18.6138834833333,54.37093885,46.9
18.6138838666667,54.37093955,46.8
18.6138834666667,54.3709401,46.8
18.6138825,54.3709407666667,46.6
18.6138828833333,54.37094085,46.6
18.6138830333333,54.3709408666667,46.6
18.6138831166667,54.37094085,46.6
18.61388315,54.3709407666667,46.6
18.6138832166667,54.3709407333333,46.6
18.6138832833333,54.3709407333333,46.6
18.6138833333333,54.3709407166667,46.6
18.6138833166667,54.3709407,46.6
18.6138833,54.3709406833333,46.6
18.6138833,54.3709406833333,46.6
18.6138833,54.3709406333333,46.6
18.6138832833333,54.3709405833333,46.6
18.6138832666667,54.37094055,46.6
18.6138897,54.3709388166667,46.3
18.6139009,54.3709410333333,46.7
18.6139051,54.3709378666667,46.4
18.6139127,54.3709437833333,45.1
18.6139248666667,54.37093185,45.3
18.6139371833333,54.37091945,45.9
18.6139510166667,54.3709177166667,45.5
18.6139764166667,54.3709176833333,44.9
18.6139889666667,54.3709190166667,44
18.61399655,54.37091865,44.2
18.6140079833333,54.3709149833333,43.6
18.61402145,54.3709110666667,43.1
18.6140366333333,54.3709023666667,43
18.6140582666667,54.3709019833333,43.6
18.6140752333333,54.3708997666667,43.1
18.6140902666667,54.3708973833333,42.8
18.6141087,54.3708968166667,41.9
18.6141278166667,54.3708954166667,42.1
18.6141379166667,54.3708921333333,43.2
18.61415755,54.3708927666667,44.6
18.6141710166667,54.3708941333333,45.1
18.61418845,54.3708915166667,45.2
18.6141995333333,54.37089295,45.1
18.6142152333333,54.3708929333333,44.4
18.6142320166667,54.3708998666667,45
18.6142423666667,54.37090175,45.1
18.6142529833333,54.3709007333333,45
18.6142656833333,54.3709064,45.9
18.61427835,54.3709085666667,45.1
18.6142805833333,54.3709063333333,44.9
18.6142811666667,54.3709063333333,44.8
18.61428935,54.3709192333333,44.4
18.6142949,54.3709234166667,44.2
18.61429345,54.3709273166667,43.7
18.6143012333333,54.3709400833333,43.5
18.6143053333333,54.3709434333333,43.5
18.6143013333333,54.3709440666667,43.8
18.614312,54.3709511833333,43.6
18.6143215,54.3709587833333,43.5
18.6143367,54.3709698166667,43.7
18.6143540166667,54.37098,43.1
18.6143782166667,54.3709886833333,43.9
18.6143997,54.3709962,43.6
18.6144196333333,54.3709984166667,44.5
18.6144361833333,54.370996,44.2
18.61445295,54.3709954833333,44.2
18.6144736166667,54.3709947666667,44.5
18.6144884833333,54.3709940333333,45.2
18.6145115,54.3709967833333,45.4
18.6145350666667,54.3710012333333,45.4
18.6145521666667,54.3710040833333,45.9
18.6145731833333,54.3710029833333,46.4
18.6145921666667,54.3709999166667,47
18.6146097833333,54.3710011833333,46.1
18.61462235,54.3710005333333,46
18.6146385833333,54.3710026,46.4
18.6146474,54.3709959333333,45.9
18.6146622666667,54.3709886833333,45.9
18.61467675,54.3709894166667,46.7
18.6146689333333,54.3709851666667,46.7
18.61468675,54.3709883166667,47.8
18.6147120666667,54.3709824666667,48.1
18.61473895,54.3709768833333,48
18.61475475,54.3709718833333,48.2
18.6147554166667,54.3709606333333,48.7
18.6147706166667,54.37095825,52.2
18.6147921666667,54.3709594,53.1
18.61479725,54.3709588,54.4
18.61479215,54.3709771166667,54.9
18.61481245,54.3709773166667,55.4
18.6148298666667,54.3709833166667,55.8
18.6148479166667,54.3709923666667,56.1
18.6148689333333,54.37099455,56.6
18.614891,54.3710051666667,58.7
18.6149132166667,54.37100295,60.6
18.6149223333333,54.3710022166667,60.8
18.6149324833333,54.3709917166667,61.8
18.6149496,54.3709943833333,62.2
18.6149657333333,54.3709885833333,62.4
18.6149755166667,54.3709884,62.2
18.6149819833333,54.3709963,62.7
18.6149909833333,54.3709906166667,62.8
18.6150020833333,54.3709831666667,62.2
18.615025,54.3709886833333,63.2
18.6150388666667,54.3709835,63.7
18.6150488833333,54.3709783666667,63.3
18.6150576333333,54.3709679,63.8
18.6150828166667,54.3709793666667,64.8
18.61510685,54.3709754166667,65.2
18.6151302666667,54.3709676833333,65.8
18.6151306,54.3709612333333,65.3
18.6151530166667,54.3709598666667,66.4
18.6151663833333,54.3709531,66.5
18.61516965,54.3709444166667,65.2
18.6152045666667,54.37093925,64.6
18.6152300833333,54.3709335833333,63.7
18.61525045,54.3709368333333,61.8
18.6152705166667,54.3709366166667,61.9
18.6152873333333,54.3709473,62.2
18.61530795,54.3709479,62.9
18.61532345,54.3709452333333,62.6
18.6153373833333,54.3709391666667,62.9
18.6153591333333,54.3709450333333,63.6
18.6153898666667,54.3709371666667,64.3
18.6154065666667,54.37093375,64
18.6154254166667,54.3709312,63.8
18.6154433666667,54.3709289333333,63.2
18.6154573833333,54.3709268833333,63.5
18.6154682166667,54.3709185,63.3
18.6154791,54.3709195666667,64.7
18.6154974333333,54.3709146833333,65.4
18.6155128666667,54.3709082666667,64.1
18.6155261833333,54.3709013,64.8
18.61553715,54.3709015666667,63.5
18.6155531333333,54.3709006833333,62.7
18.61557005,54.3709024333333,61.9
18.61558975,54.3709002166667,62
18.6156135,54.3708934166667,61.8
18.6156234166667,54.3708871166667,61.5
18.6156416333333,54.37087845,61.4
18.6156625666667,54.37087895,61.2
18.6156801,54.3708858333333,61.7
18.6156943833333,54.3708859666667,61.6
18.6157075666667,54.3708920666667,61.5
18.6157161666667,54.3708983166667,61.4
18.6157322166667,54.37091475,61.1
18.6157466,54.3709248833333,60.9
18.6157461166667,54.3709348833333,60.8
18.6157474666667,54.3709246333333,59.7
18.6157541166667,54.3709384333333,59.9
18.6157615166667,54.3709493166667,59.6
18.6157787333333,54.3709706,60.4
18.6158008833333,54.3710018166667,61.4
18.6158090833333,54.3710130333333,61.1
18.61584755,54.3710258833333,61.4
18.6158344666667,54.3710085666667,59.4
18.6158416833333,54.37101655,59.2
18.6158454166667,54.3710210166667,58.8
18.6158402833333,54.3710217166667,59.2
18.6158371666667,54.3710228666667,59.4
18.61583755,54.3710228166667,59.2
18.6158399833333,54.3710263833333,59.2
18.6158406,54.3710282166667,58.9
18.6158399666667,54.3710285,58.8
18.6158391833333,54.37102885,58.8
18.6158503166667,54.3710575333333,59.5
18.6158502166667,54.37106135,59.3
18.6158463833333,54.3710532166667,59.2
18.6158540833333,54.37106775,59.2
18.6158620166667,54.3710754,59.5
18.6158676,54.3710658166667,58.8
18.6158771333333,54.3710680333333,59.2
18.6158873,54.3710798,59.3
18.61589475,54.3710866,59.3
18.61589335,54.3710805833333,58.6
18.61589575,54.3710935833333,58.1
18.6158900666667,54.37111075,58.8
18.615896,54.37111955,58.5
18.6158950666667,54.37112675,58.9
18.6159155,54.37116155,60.1
18.6159310833333,54.3711626333333,59.1
18.6159359,54.3711616833333,58.8
18.6159341333333,54.3711701666667,58.5
18.6159396666667,54.3711770833333,58.6
18.61592795,54.3711885166667,59.4
18.61593335,54.37119535,59.2
18.61594125,54.3712042666667,58.5
18.6159649666667,54.37122625,58.5
18.6159743166667,54.3712350666667,58
18.6159640666667,54.3712394333333,57.9
18.6159758333333,54.3712527333333,58.5
18.6159873833333,54.37125715,58.2
18.6160038166667,54.3712676666667,57.6
18.6160108666667,54.3712389833333,57.1
18.6160075166667,54.3712591,58.9
18.6160116666667,54.37126725,59.6
18.61601995,54.3712742333333,60.8
18.61602105,54.3712737833333,60.7
18.6160558333333,54.3712790166667,60.8
18.6160651333333,54.37129135,61.3
18.6160781333333,54.3712922166667,60.3
18.61610055,54.3712915333333,59.7
18.61610755,54.3712947,58.5
18.6161384333333,54.3713111666667,60.5
18.6161628333333,54.37132105,61.3
18.61616985,54.3713284333333,60
18.616201,54.3713401833333,60.7
18.61621215,54.37133575,60.6
18.6162359,54.3713390166667,59.8
18.61625415,54.3713363666667,59.4
18.61627575,54.3713331166667,59.2
18.6162919333333,54.37133705,59.3
18.6163033,54.3713346166667,59.5
18.61632535,54.3713354,59
18.6163482166667,54.3713380166667,58.9
18.6163700666667,54.3713422,58.8
18.6163840333333,54.3713429333333,58.4
18.6163865333333,54.371344,58.7
18.6163961666667,54.37134545,59.2
18.6164133333333,54.371343,60.4
18.6164268833333,54.37134465,61.4
18.6164515666667,54.3713448666667,60.6
18.6164731166667,54.3713427,60.4
18.6164840833333,54.3713467,60.6
18.6164978833333,54.3713477333333,59.8
18.61651625,54.37134715,59.1
18.6165349833333,54.371354,60.3
18.61654995,54.3713562333333,60.5
18.6165682,54.3713584,60.9
18.6165857833333,54.3713554166667,60.9
18.6165977666667,54.37134585,60.4
18.61661015,54.3713483666667,60.9
18.6166212833333,54.37134735,61.2
18.6166376,54.371348,61
18.6166514333333,54.37135125,61.6
18.6166736833333,54.3713549,61
18.6166907,54.37137335,62.2
18.6167083833333,54.3713558166667,61.7
18.61672275,54.3713558,62.4
18.6167177833333,54.3713493333333,62.7
18.6167258666667,54.3713479666667,63
18.6167297333333,54.37134005,62.2
18.61673665,54.3713330166667,61.1
18.6167384333333,54.3713329,61.3
18.61674265,54.3713309666667,61.5
18.6167548,54.3713250166667,61
18.6167628333333,54.3713296333333,60.9
18.6167834166667,54.3713191666667,60.7
18.6168118666667,54.3713268,61.6
18.61683885,54.3713296,61.3
18.6168575666667,54.37132905,61.8
18.6168818,54.3713344666667,61.9
18.6169026333333,54.3713391833333,61.9
18.6169220333333,54.3713352166667,61.9
18.6169486666667,54.3713267166667,60.8
18.6169740166667,54.3713333,60.9
18.6169856166667,54.3713306,61.5
18.6170014833333,54.3713307,59.2
18.61701695,54.3713335833333,59.2
18.6170457166667,54.3713357833333,58.7
18.6170700666667,54.3713349333333,59.7
18.6170977333333,54.3713392833333,60.5
18.61712225,54.3713394166667,61.8
18.6171356666667,54.3713401,62.9
18.61715785,54.3713422833333,63.2
18.6171549,54.3713254166667,63
18.6171602833333,54.3713204666667,62.1
18.61717225,54.3713194166667,61.6
18.6171947166667,54.3713267,62.2
18.6172022666667,54.3713322166667,63.6
18.6172223,54.3713371833333,64.1
18.6172922166667,54.3713357166667,63.4
18.61730265,54.3713498833333,63.4
18.6173411666667,54.3713496833333,63.3
18.6173797,54.3713459666667,63.2
18.6174055833333,54.3713469166667,63.3
18.6174269166667,54.3713488166667,62.6
18.6174410666667,54.3713562666667,62.6
18.6174393833333,54.3713576833333,62.2
18.61743585,54.3713622833333,61.9
18.6174521166667,54.3713703166667,62.6
18.61745495,54.3713671333333,63
18.6174571666667,54.3713658333333,63.5
18.6174609333333,54.3713644666667,64.3
18.6174638,54.37136845,64.2
18.6174530666667,54.3713852,62.9
18.6174584666667,54.3713926166667,62.8
18.6174866666667,54.3713997666667,62.7
18.6174876333333,54.3713873,62.3
18.6174862166667,54.3713928333333,62
18.6174955333333,54.3713989833333,62.1
18.6175135,54.3714016,61.1
18.6175209833333,54.3714114833333,61.2
18.6175249833333,54.3714225333333,60.7
18.6175358666667,54.3714391,60.9
18.6175445166667,54.3714537166667,62.3
18.61755145,54.3714643666667,62.2
18.6175558666667,54.37148,61.6
18.6175703833333,54.3714875166667,60.3
18.61757185,54.3714931333333,60.1
18.6176004333333,54.3715268833333,61.8
18.6176123666667,54.3715418,62.5
18.617626,54.37154685,62.4
18.6176437833333,54.3715593,63.4
18.6176483,54.3715615333333,62.9
18.6176557833333,54.3715639,62.4
18.6176665666667,54.3715755333333,62.3
18.617671,54.3715719333333,61.3
18.61767045,54.3715904,62.3
18.6176762166667,54.3716028666667,61.9
18.6176808333333,54.37161255,61.3
18.6176979166667,54.3716182166667,62.5
18.6177085,54.3716265333333,62.8
18.6177169666667,54.3716200166667,60.9
18.6177247833333,54.37161655,60.2
18.6177314666667,54.3716222833333,60
18.6177416666667,54.3716332333333,60.9
18.6177525333333,54.3716559166667,63.4
18.6177651166667,54.3716726166667,63.5
18.6177760333333,54.3716801666667,63.7
18.6177838333333,54.3717020166667,64.5
18.6177869333333,54.3717162333333,64.1
18.6177945,54.3717191166667,64.5
18.6178030666667,54.3717288166667,64.3
18.61780985,54.3717365333333,65.3
18.6178204666667,54.3717502166667,65
18.6178277333333,54.3717633833333,65.2
18.6178396333333,54.37177235,65.5
18.6178482,54.3717803166667,66
18.6178493166667,54.3717861,65.3
18.61786005,54.3717950166667,65.3
18.6178676833333,54.3718025,64.1
18.6178758833333,54.37181055,64.1
18.6178889166667,54.3718131833333,64
18.6178998666667,54.3718153333333,63.4
18.6179135,54.3718205666667,64.2
18.6179278666667,54.3718339833333,64.3
18.6179246166667,54.3718450333333,64.6
18.6179309,54.3718464,64
18.6179373666667,54.3718550833333,65
18.6179467,54.371868,64.6
18.6179726666667,54.3718771333333,65.4
18.6179994,54.3718863666667,66.8
18.6180204333333,54.3718868333333,67.1
18.6180361,54.3718877,66.7
18.6180520833333,54.37189745,65.7
18.61806505,54.3719023666667,65.9
18.6180566666667,54.3719260666667,67
18.618057,54.3719397333333,66.3
18.6180718666667,54.3719457666667,66.8
18.6180886,54.3719554333333,67.8
18.6180815333333,54.3719627333333,64.8
18.6180972166667,54.3719728166667,64.4
18.6181155833333,54.3719782166667,64.4
18.6181274,54.3719838833333,65.4
18.6181365666667,54.37199695,64.6
18.61815085,54.3719986166667,65.3
18.61815825,54.3720076666667,65.9
18.61816765,54.3720293333333,66.1
18.6181829,54.3720324666667,66
18.6181973666667,54.3720324166667,67.4
18.6181998833333,54.3720541666667,66.2
18.6182045666667,54.37203985,65
18.61820875,54.3720459833333,64
18.6182040333333,54.3720561,62.7
18.6181969,54.37206265,62.9
18.6182130666667,54.3720693,64
18.6182196833333,54.3720933833333,63.9
18.6182252666667,54.3721094,63
18.6182343333333,54.3721213666667,63.2
18.6182476833333,54.3721301,63.2
18.6182510166667,54.3721387,63.4
18.6182592,54.3721538666667,64.3
18.6182686166667,54.3721565333333,65.2
18.6182834833333,54.37216505,65.6
18.6183076333333,54.3721597333333,64.9
18.6183133833333,54.3721710833333,63
18.6183276166667,54.3721794166667,63.5
18.6183406666667,54.3721921,63.8
18.6183505666667,54.3722009,62.7
18.61833935,54.3722195666667,60.7
18.61835995,54.3722230833333,61.6
18.6183639166667,54.37223675,59.7
18.61837445,54.3722572,59.9
18.6183830333333,54.3722672833333,60
18.61838685,54.3722729333333,59.6
18.6183918166667,54.3722843333333,60.1
18.6184157666667,54.3722916166667,60.5
18.6184368333333,54.3722971666667,60.5
18.6184560666667,54.37231135,60.4
18.6184780833333,54.3723132166667,60.3
18.6185019166667,54.3723112833333,59.2
18.61852285,54.3723084666667,58.2
18.6185381,54.3723026666667,57.9
18.6185578833333,54.37230015,57.4
18.6185712333333,54.37228585,57.3
18.6185922333333,54.3722717666667,55.8
18.6186145166667,54.3722671666667,56.6
18.6186347,54.3722639333333,58.1
18.6186584333333,54.3722577333333,57.6
18.6186730333333,54.37224495,56.9
18.6186910833333,54.3722365,56.7
18.6187033166667,54.3722243,55.2
18.6187235333333,54.3722254,55
18.6187328666667,54.3722233,54.1
18.6187508333333,54.3722185166667,53.1
18.6187698,54.37220905,53.4
18.6187882,54.3722026333333,53.5
18.6188041,54.3721926166667,53.8
18.61882095,54.3721919333333,53.3
18.6188299666667,54.3721873333333,53.5
18.6188484833333,54.3721823166667,53.5
18.6188644166667,54.3721779166667,53.5
18.61888745,54.3721766166667,53.2
18.6189080333333,54.3721741333333,54.3
18.6189217333333,54.3721674166667,54.4
18.6189425166667,54.3721593666667,54.6
18.6189667666667,54.3721529,53.8
18.6189791333333,54.3721476333333,53.1
18.6189989666667,54.3721413666667,53
18.6190178666667,54.3721403166667,53.8
18.6190358,54.3721378833333,53.7
18.6190457833333,54.3721298833333,54.1
18.61906745,54.3721276,53.6
18.61907305,54.3721238333333,52.2
18.6190875666667,54.3721171166667,52.9
18.6191063666667,54.3721122666667,52.6
18.6191195,54.3721126833333,52.2
18.61913085,54.3721009333333,51.9
18.61914875,54.3720945833333,51.5
18.61915645,54.372096,51.3
18.61916395,54.3720917666667,51.1
18.6191872666667,54.3720856166667,51
18.6191984833333,54.3720765,51
18.6192286,54.3720714833333,51.7
18.6192506,54.3720637666667,52
18.6192647,54.3720567833333,50.4
18.6192748333333,54.3720502833333,50.7
18.6192977166667,54.3720503166667,50.7
18.6193089333333,54.3720461166667,50.9
18.6193288666667,54.3720418,51
18.619342,54.3720314666667,51.3
18.6193595,54.3720300666667,51
18.6193781,54.3720289333333,51.3
18.6193974833333,54.3720223833333,52.5
18.6194153,54.3720146333333,52.7
18.6194354333333,54.3720107,53.2
18.6194526833333,54.3720065833333,54
18.6194753,54.3720017,54.4
18.6194919666667,54.3720070333333,53.8
18.6195016666667,54.3720038333333,52.9
18.6195211,54.372,52.9
18.6195308166667,54.3719988666667,52.2
18.6195401166667,54.3719968833333,52
18.61955495,54.3719907666667,51.7
18.6195683666667,54.3719802833333,51.6
18.6195913666667,54.3719749333333,52.4
18.6195995333333,54.37196975,52.3
18.6196209333333,54.3719614333333,52.1
18.6196371166667,54.3719568333333,52.1
18.6196417166667,54.3719432,51
18.61966055,54.3719352333333,50.6
18.6196869,54.3719371,51.4
18.6197066666667,54.37193605,51
18.6197300333333,54.3719348,50.5
18.6197550166667,54.3719343,51.3
18.6197792666667,54.3719283,50.7
18.6197905333333,54.3719224666667,50.8
18.61981675,54.3719230666667,51.4
18.6198392833333,54.3719204166667,50.8
18.6198648,54.3719230166667,51.3
18.6198776,54.3719205333333,49.2
18.6198839166667,54.3719140166667,48.6
18.61989375,54.3719063,48.6
18.6199124333333,54.3719070666667,48.6
18.6199307333333,54.3719047166667,48.9
18.6199513166667,54.37190105,48.9
18.61996625,54.3718956,48.2
18.61998125,54.3718895833333,48.4
18.6199971166667,54.3718854666667,48.5
18.62001755,54.37187205,48.7
18.6200268833333,54.37186225,48.8
18.6200436,54.3718575333333,49.1
18.6200621166667,54.3718515,49.3
18.62007345,54.3718403333333,49.2
18.62010485,54.3718349333333,49.5
18.6201272833333,54.3718323666667,49
18.6201515666667,54.3718330166667,49.6
18.6201774333333,54.37183225,50
18.6201831333333,54.3718248666667,50.5
18.6202024,54.3718229833333,50.4
18.6202168166667,54.37181735,49.9
18.6202283,54.3718107166667,49.6
18.6202399,54.3718132333333,50.3
18.620251,54.3718080666667,50.2
18.6202658166667,54.3717968833333,50.2
18.6202767166667,54.3717917666667,50
18.6202900333333,54.3717832333333,49.8
18.6203072,54.3717794333333,49.3
18.6203449166667,54.3717659,48.7
18.6203629,54.3717587333333,48.5
18.6203798166667,54.37174925,47.9
18.6204009666667,54.3717435833333,47.4
18.6204211,54.3717394166667,48.4
18.6204393333333,54.37173235,48
18.6204598166667,54.3717280333333,48.6
18.6204705333333,54.3717240333333,47.8
18.6204771666667,54.37172225,47.2
18.6204954833333,54.3717137666667,45.9
18.6205078833333,54.3716980833333,44.7
18.62051,54.3716889833333,44
18.6205325333333,54.37169035,44.7
18.6205405833333,54.3716863,45
18.6205654166667,54.3716864166667,45.1
18.6205953833333,54.3716911166667,46.3
18.6206086333333,54.3716895833333,46.7
18.6206272,54.3716856666667,46.5
18.6206259166667,54.3716769,46
18.6206421833333,54.3716782666667,45.9
18.6206591833333,54.3716668333333,45.6
18.6206777666667,54.3716618166667,45.1
18.6206951666667,54.3716587666667,45.2
18.6207078666667,54.3716548666667,43.9
18.6207240666667,54.3716476666667,44
18.6207430666667,54.3716468333333,44.3
18.6207545166667,54.3716377333333,44.1
18.6207741,54.37163205,44
18.6207935666667,54.37162775,44.4
18.6208070833333,54.3716245333333,44.1
18.62082625,54.3716258666667,45
18.620843,54.3716160166667,45.1
18.6208591333333,54.3716148166667,45.2
18.62087845,54.3716136666667,44.8
18.6208963333333,54.3716064666667,44.8
18.6209264,54.37160695,46
18.6209369,54.3716065333333,45.7
18.6209487166667,54.37160575,46.1
18.62096915,54.3716041333333,46.6
18.6209771166667,54.3715936333333,46.7
18.6209839833333,54.3715838,47
18.6209807666667,54.3715743,48.9
18.62098305,54.3715727833333,49.4
18.62099395,54.3715714166667,49.6
18.6209978666667,54.3715797,49.8
18.6210050333333,54.3715863,50.1
18.6210210333333,54.37160195,51
18.62103265,54.3716116,51.9
18.6210570666667,54.3716151166667,53.2
18.6210605833333,54.37161095,53
18.6210907,54.3716146166667,53.4
18.6211109666667,54.3716245666667,54
18.6211335333333,54.37162885,53.9
18.6211459666667,54.37163055,53.5
18.62116485,54.3716360666667,53.1
18.6211751833333,54.37163875,53.3
18.6211923,54.3716389666667,54.6
18.6212150333333,54.37164385,55.3
18.6212333833333,54.3716513333333,55.6
18.6212481333333,54.3716527833333,54.9
18.6212639,54.3716560333333,54.8
18.6212802666667,54.37166075,54.5
18.6212927333333,54.3716638166667,54.4
18.62130855,54.37166595,54.7
18.6213293333333,54.3716701333333,54.7
18.6213469333333,54.3716708666667,54.9
18.6213679,54.3716697666667,54.7
18.62139095,54.3716709833333,55.2
18.6214005833333,54.3716777833333,56.1
18.6214187333333,54.3716813833333,56
18.62143575,54.37168425,56.2
18.6214553166667,54.3716782166667,55.7
18.6214732333333,54.3716712833333,55.8
18.6214893,54.3716667166667,56.1
18.6215071333333,54.3716557,56.1
18.62152,54.3716490333333,56.4
18.6215439666667,54.3716422833333,56.8
18.62156155,54.3716366666667,57.1
18.6215798,54.3716305,57.2
18.6216000833333,54.3716249833333,57.5
18.6216122166667,54.3716183833333,57.4
18.6216219666667,54.3716075,56.9
18.62162945,54.3715968666667,57.6
18.6216799,54.3715895,57.6
18.6217087,54.3715848666667,58.1
18.6217303333333,54.3715746833333,58.7
18.6217549333333,54.37156625,58.4
18.6217686166667,54.3715546666667,58.5
18.6217910166667,54.3715539666667,59.7
18.6218039166667,54.3715436333333,59.1
18.6218116,54.3715378333333,58.5
18.6218376833333,54.3715323833333,58.5
18.6218481166667,54.3715133,57
18.6218530833333,54.3715071833333,54.9
18.6218608333333,54.3715086833333,54.6
18.62186905,54.3714954666667,53.4
18.6218691666667,54.3715018666667,53.3
18.62187185,54.3714926833333,52.9
18.6218830833333,54.37148085,54
18.6218763166667,54.37147445,54.7
18.6218879333333,54.3714693833333,56
18.6218748333333,54.37147445,56.2
18.6218436666667,54.3714702833333,55.8
18.6218226333333,54.3714718,55.8
18.6218057833333,54.3714633333333,55.5
18.62181135,54.37146385,54.7
18.6218070333333,54.3714595166667,54.7
18.6217989666667,54.3714532833333,54.9
18.62182015,54.3714458666667,55
18.62182795,54.3714388,54.9
18.6218320666667,54.3714361333333,55
18.6218440833333,54.3714287166667,54.7
18.6218576333333,54.3714223666667,54.6
18.62185415,54.3714258833333,54.7
18.6218600666667,54.3714226333333,54.7
18.6218668833333,54.3714194166667,54.6
18.6218713666667,54.3714196,54.5
18.6218797333333,54.3714164333333,54.4
18.6218789166667,54.37140905,54.4
18.6218912,54.3714034,56.6
18.6218942166667,54.3713739166667,57.2
18.6218990166667,54.3713669,57.4
18.6219287833333,54.3713709666667,56.2
18.6219355666667,54.3713659833333,56.3
18.62194235,54.37136095,56.2
18.6220062,54.3715143,61
18.6219299166667,54.3715172,61.5
18.6218808166667,54.3715302333333,62.2
18.6218701833333,54.3715226,61.6
18.6218918333333,54.3715103833333,61.8
18.6219188666667,54.3714995,61.1
18.6218813,54.3715085666667,63.4
18.6218281,54.3715238,66.4
18.6217945666667,54.3715349166667,69.1
18.6217950333333,54.3715282,69.1
18.6217909166667,54.3715166,67.5
18.6217764166667,54.3715141166667,66.9
18.62178325,54.37149075,63.5
18.6217827,54.3714749166667,61
18.6218025166667,54.3714757166667,63.5
18.6217772,54.3714719,64.7
18.6217560166667,54.3714612833333,65.8
18.6218209,54.3713891833333,54.5
18.6218081833333,54.3713483666667,47.7
18.62181075,54.37134715,47.4
18.6217799333333,54.3713498333333,47.3
18.6217644833333,54.3713436833333,44.6
18.6217511666667,54.3713405666667,44.2
18.6217322,54.3713285,42.5
18.6217171666667,54.3713206666667,41.7
18.6217148666667,54.3713255,42.4
18.621708,54.3713128166667,42.6
18.6217019833333,54.37129955,42.9
18.6217098666667,54.3712972,43.4
18.6217143333333,54.3712854166667,44.3
18.6217200666667,54.3712828666667,45.3
18.6217347,54.3712816333333,46.2
18.6217436166667,54.37128395,45.6
18.6217576,54.37128215,45.8
18.6217729333333,54.3712698833333,47.1
18.6217891666667,54.3712676,48.5
18.6218037,54.3712631833333,49.5
18.62181555,54.3712540666667,49.5
18.6218317166667,54.3712488666667,49.6
18.6218518333333,54.3712436,48.9
18.62186035,54.3712441833333,49.1
18.6218718166667,54.3712321333333,49.4
18.6218669166667,54.3712319333333,49.2
18.62186445,54.3712311666667,49.5
18.6218606833333,54.3712301333333,49.6
18.6218577333333,54.37122615,50.2
18.6218641166667,54.37122005,50.7
18.6218549166667,54.3712198666667,51.2
18.6218580666667,54.3712164,51.8
18.6218493166667,54.3712021,51.5
18.6218481166667,54.3711936666667,51.4
18.62186215,54.3711911166667,51.7
18.6218583166667,54.3711890166667,51.4
18.6218506833333,54.37118925,51.5
18.6218701,54.37118435,51.7
18.6218807166667,54.37118215,52
18.6218950166667,54.3711769166667,51.8
18.6219014333333,54.3711733166667,52
18.6219004333333,54.37118005,51.7
18.6218739333333,54.37117065,51.8
18.6218414,54.3711273,51.6
18.6218357666667,54.37108765,51.3
18.6217576,54.37108935,51.4
18.6217196333333,54.37106725,51.3
18.6216640333333,54.37102535,51.6
18.6216121333333,54.3710159,51.9
18.62165455,54.37108325,51.8
18.6215767,54.3711624333333,50.5
18.6216054833333,54.3711377,49.9
18.6215154666667,54.3711502,50.6
18.6214985166667,54.3711460833333,50.7
18.6214326666667,54.37113645,50.1
18.6214256166667,54.3711114833333,50.6
18.6213928166667,54.3710824833333,51.7
18.6213162166667,54.3711406,52.1
18.62132605,54.3711565833333,52.2
18.6213013333333,54.3711677666667,52.3
18.6212677833333,54.3711862,51.5
18.6212065166667,54.3711992666667,52
18.62116805,54.37120925,51.8
18.6211308666667,54.3712216166667,51.7
18.6210321333333,54.3712212,52
18.6209629333333,54.3712304,51.9
18.62101835,54.37125005,51.8
18.6209389333333,54.3712650166667,51.8
18.6211303,54.3711974833333,50.4
18.6212331833333,54.37110705,48.7
18.6212940666667,54.37103835,46.1
18.6211971833333,54.3710174833333,45.1
18.6212529,54.3709242333333,43.7
18.6213218,54.3708462333333,42.9
18.6214098166667,54.37078525,42.1
18.6213274,54.3707513833333,43.5
18.6213939,54.3707282666667,44.7
18.6213822666667,54.3707077,45.1
18.6213314666667,54.3707286,44.5
18.6213060666667,54.37073785,44.1
18.6212885,54.3707447,44
18.6212758666667,54.3707505166667,43.9
18.6212540833333,54.3707643333333,44.4
18.6212390333333,54.37077245,44.3
18.6212273333333,54.3707796166667,44.4
18.6212276833333,54.3707839333333,44.6
18.6212120833333,54.3707917333333,44.6
18.6211918,54.3707968666667,44.8
18.62117215,54.3708013,45.2
18.62115475,54.3708057166667,45.6
18.6211376333333,54.3708098,46.1
18.6204363166667,54.3705359666667,48.3
18.6205341333333,54.3705644,56.2
18.6205587166667,54.3706046,51.2
18.6205652,54.3706089666667,51.9
18.62056965,54.37061675,51.1
18.62057635,54.37062595,53.8
18.6205665666667,54.3706348833333,52.5
18.6205389166667,54.3706343333333,51.2
18.6205317333333,54.3706373,49.4
18.62053715,54.3706657833333,49.8
18.6205279166667,54.3706836166667,48.3
18.6205205,54.3707005833333,49.9
18.6204951666667,54.3707044833333,47.9
18.6204822333333,54.3707142333333,47.5
18.6204771666667,54.3707334166667,48.9
18.6204711166667,54.37073915,52.4
18.6204592166667,54.3707432166667,55.7
18.6204504333333,54.3707643333333,58.5
18.6204476,54.3707703166667,58.1
18.6204423166667,54.3707775833333,59.4
18.62044565,54.3707827333333,59.6
18.6204381166667,54.37079325,59.8
18.6204327666667,54.3708098666667,60.4
18.6204253833333,54.37082515,59.2
18.6204163333333,54.3708492833333,60
18.6204038333333,54.37086195,60.6
18.6203900666667,54.3708735,61.5
18.6203606333333,54.3708893,62
18.6203569166667,54.3708831833333,61.3
18.6203314833333,54.3708896666667,62
18.6203249333333,54.37089525,63
18.6203215,54.3709086333333,62.5
18.6203104166667,54.3709222666667,63.2
18.6202908333333,54.3709182833333,63.2
18.6202812833333,54.3709267333333,62.6
18.6202709166667,54.3709281666667,62.2
18.6202678666667,54.37094835,61
18.6202560833333,54.37095655,60.3
18.6202428833333,54.37095535,59.2
18.6202333833333,54.3709643833333,58.3
18.6202311833333,54.3709810333333,57.8
18.6202341833333,54.3710040666667,56.6
18.6202445666667,54.3710287166667,56.7
18.6202436,54.3710422666667,56.7
18.6202366166667,54.3710697,57.9
18.6202413,54.3710846666667,59
18.6202497,54.3711052,59.2
18.6202612,54.37112195,59.4
18.6202776333333,54.37113855,58.8
18.6202718166667,54.3711390833333,58.5
18.6202596333333,54.3711363,57.3
18.6202481833333,54.3711421333333,56.6
18.62022795,54.3711384166667,56.1
18.6202191166667,54.3711493333333,55.8
18.6202115333333,54.3711559,55.2
18.62018805,54.3711528,55.6
18.6201752,54.3711491333333,56.3
18.6201587333333,54.3711540666667,57
18.6201482833333,54.3711508166667,57.7
18.6201335166667,54.37115455,58.9
18.6201003166667,54.3711507333333,59.1
18.6200835666667,54.37114685,58.8
18.6200756166667,54.3711486,59.8
18.6200535166667,54.3711520166667,59.9
18.6200362333333,54.3711535,60.1
18.62002825,54.3711597,60.6
18.6200219333333,54.3711651666667,62
18.6200151,54.3711696,62.2
18.6200112333333,54.3711764833333,62.5
18.6200056,54.3711867833333,62.1
18.6199961,54.3711887333333,62.6
18.6199931666667,54.37119075,63.1
18.6199952166667,54.3711881833333,63.6
18.6200214166667,54.37119085,65
18.6200369833333,54.3711908333333,64.9
18.6200461833333,54.3711884333333,65.2
18.6200558166667,54.3711915833333,65.7
18.6200538166667,54.3711890333333,65.7
18.6200464166667,54.3711993333333,66.8
18.6200345,54.37120625,66.9
18.6200394,54.3712188333333,66.1
18.6200508,54.3712287666667,66.5
18.6200594166667,54.3712423,66.4
18.6200532,54.3712204833333,66.2
18.6200379833333,54.3712190333333,66.2
18.6200114666667,54.3711988333333,66.1
18.62000115,54.3711919666667,66.2
18.6199968166667,54.3711844,66.7
18.6199908333333,54.3711767166667,67
18.61998195,54.3711718833333,67.2
18.6199797666667,54.3711621333333,67.6
18.6199530166667,54.3711517333333,67.9
18.6199396833333,54.3711470666667,67.4
18.6199371333333,54.37113105,67.3
18.6199386166667,54.3711252333333,67.1
18.6199312833333,54.3711176,67.1
18.6178049833333,54.3715576333333,102
18.6177853,54.3715736,104.9
18.6178075166667,54.3715771333333,104.7
18.6182077333333,54.3717066166667,104.9
18.6181640166667,54.3717065166667,104.7
18.61813705,54.3716901,105.8
18.6181002333333,54.3716864666667,110.7
18.6181087333333,54.3716782333333,112.2
18.6181159,54.3716689,112.3
18.6181357666667,54.3716835,111.8
18.61809685,54.3716770333333,112.4
18.6180524833333,54.3716764333333,117.5
18.6179899,54.3716635166667,119.4
18.61796335,54.3716786833333,121.4
18.6179701833333,54.3716615166667,120.1
18.6179535833333,54.3716659833333,121
18.6180034833333,54.3716757833333,119.2
18.6180014,54.3716785333333,119.8
18.6180223666667,54.37168805,120.7
18.6180133166667,54.3716825333333,121.3
18.6180085166667,54.3716726833333,120.4
18.6179842166667,54.3716686333333,121.2
18.6179948,54.3716729166667,121.9
18.6179805166667,54.3716687333333,123.3
18.6179761833333,54.37166375,123
18.6179801166667,54.3716654833333,123.1
18.6179845833333,54.3716675166667,123.7
18.6179809333333,54.3716660666667,124
18.61797695,54.3716651166667,124.2
18.6179798166667,54.3716609333333,123.5
18.6180449,54.3716135333333,112.4
18.6180451833333,54.3716134833333,112.4
18.61804545,54.3716134,112.4
18.6180458333333,54.3716133833333,112.4
18.6180454833333,54.3716132166667,112.4
18.6180414,54.3716088666667,112
18.6180410666667,54.37160815,112
18.61804075,54.37160715,112
18.6182395333333,54.3715952333333,103.4
18.6182255333333,54.3716093,105.4
18.6182042333333,54.3715968666667,104.2
18.6182178166667,54.3715974666667,105.3
18.6182047,54.3715819666667,105
18.6182065166667,54.3715542333333,103.1
18.6181963666667,54.3715197666667,99.8
18.61817665,54.3714935166667,98.2
18.6181599333333,54.3714781,98.3
18.6181399166667,54.371472,96.6
18.6181409,54.37144895,95.5
18.6181111833333,54.3714203666667,93.8
18.6180946333333,54.37141135,93
18.61808075,54.3713936833333,92.3
18.6180603833333,54.3713740666667,91.8
18.6180379666667,54.3713670166667,90.2
18.6180226666667,54.3713651833333,89.6
18.6180053,54.3713502,88.6
18.6179795833333,54.3713519833333,85.6
18.6179501,54.3713407,85.3
18.6179282333333,54.3713204833333,84.1
18.6179011833333,54.3713152333333,82.2
18.6178798,54.3713169166667,81.7
18.6178544,54.3713159333333,81.4
18.61782085,54.3713084666667,81
18.6177790166667,54.3713024833333,80.8
18.6177638166667,54.3713060333333,81.4
18.6177596666667,54.3713050833333,81.8
18.61774125,54.3712961,81.2
18.61772675,54.3713006833333,81.2
18.61771265,54.37128045,80.3
18.6177004166667,54.3712631833333,79.8
18.6176839666667,54.3712552833333,80.7
18.6176454333333,54.3712579,82
18.6176150666667,54.3712522333333,82.3
18.6176066,54.3712368,81.6
18.6175828833333,54.3712331833333,81.1
18.6175798833333,54.3712471,78.2
18.6175688833333,54.3712449,78.4
18.6175217,54.3712487,79.1
18.6174945166667,54.3712456166667,79.8
18.6174727,54.3712473333333,81.1
18.6174462,54.3712488833333,80.8
18.6174367,54.3712505166667,80.2
18.6174347666667,54.3712488,81.1
18.6174165333333,54.3712460166667,80.7
18.61739895,54.3712317,79.3
18.6173798,54.3712305,79.1
18.6173625666667,54.3712307666667,78.9
18.6173412666667,54.3712266333333,78.4
18.6173281,54.37122465,77.3
18.6173079333333,54.37122465,77.4
18.6172904333333,54.3712222,77.6
18.6172692166667,54.3711967,73
18.6172480333333,54.37119425,72.4
18.6172419333333,54.3711838166667,69.3
18.6172204166667,54.3711808833333,69.9
18.61719535,54.3711762333333,70.2
18.6171704166667,54.3711711,69.5
18.6171491166667,54.3711729333333,69.7
18.6171379166667,54.3711779833333,69
18.6171278833333,54.371186,68.2
18.61710665,54.3711925833333,68.3
18.6170827333333,54.3711931833333,67.1
18.6170748166667,54.3711992166667,67.3
18.6170607833333,54.37120605,66.7
18.61704405,54.3712047833333,65.7
18.6170346166667,54.3712138166667,66.2
18.6170187,54.3712193666667,65.5
18.6170016333333,54.3712195,64.8
18.6169782166667,54.37121845,64.8
18.6169668666667,54.3712273166667,65
18.6169528333333,54.3712270666667,64.8
18.6169348333333,54.3712335,63.6
18.6169180333333,54.3712345666667,62.9
18.6169157166667,54.371242,63.1
18.6168803666667,54.3712434666667,61.9
18.61686005,54.37122975,62.1
18.6168369833333,54.3712283,61.2
18.6168059833333,54.3712054,60.9
18.6167751,54.37118665,61
18.61676025,54.3712013333333,59.6
18.6167458333333,54.3712034333333,59.6
18.6167333166667,54.3712068166667,59.1
18.6167100666667,54.3712146166667,58.6
18.6166871,54.3712083333333,57.8
18.6166715,54.3712088,57.9
18.6166666166667,54.3712125666667,57.7
18.6166485666667,54.3712112166667,56.1
18.61664375,54.3712057833333,54.7
18.61662405,54.3712051333333,54.5
18.6165970666667,54.3712013166667,53.8
18.6165711,54.3712002666667,53.6
18.6165746,54.3712227833333,54.3
18.6165485333333,54.37123105,56.1
18.616543,54.3712312333333,57.7
18.6165388,54.3712322666667,58.1
18.6165143666667,54.3712463666667,60.7
18.6164944666667,54.3712582666667,62.7
18.6164749,54.3712561166667,62
18.616456,54.3712511333333,60
18.6164468333333,54.3712486833333,59.2
18.6164343666667,54.37122535,58.7
18.6164261,54.3712198,58.6
18.6164115166667,54.3711993666667,56.4
18.61640555,54.3711886333333,56.7
18.6163986166667,54.3711744333333,56.2
18.6164139,54.3711667166667,56.2
18.6164318333333,54.3711578833333,56.1
18.6164185,54.3711459333333,57.2
18.61641255,54.3711246333333,56.8
18.61640275,54.37111635,57.7
18.6163926333333,54.371096,57.5
18.6163837333333,54.37108295,58
18.6163839166667,54.3710717333333,58.4
18.61637205,54.3710515333333,58.2
18.6163589,54.3710440166667,58.1
18.6163599,54.3710266,57.1
18.6163491833333,54.37101055,57
18.6163451833333,54.3709928166667,56.5
18.6163307333333,54.3709778166667,56.2
18.61632245,54.3709638666667,55.5
18.6163071166667,54.3709464666667,55.9
18.61630165,54.37093165,55.2
18.61629805,54.3709206833333,54
18.6162918833333,54.3709139,53.6
18.6162817833333,54.3709023666667,53.5
18.61627255,54.37089035,53
18.6162624333333,54.3708803166667,52.5
18.6162525666667,54.3708716333333,51.7
18.61624595,54.3708607666667,51.7
18.6162470333333,54.3708500666667,51.4
18.6162351166667,54.3708391166667,51.4
18.6162227333333,54.3708303833333,51.8
18.6162223333333,54.3708287333333,51.9
18.6162080666667,54.3708251,51.7
18.6161931,54.3708257166667,51.8
18.6161695333333,54.3708231333333,51.8
18.6161459833333,54.3708210166667,51.1
18.6161232833333,54.3708148833333,50.9
18.61610335,54.3708150666667,50.8
18.6160821166667,54.3708098166667,51.1
18.6160528333333,54.3708053666667,51.3
18.6160256333333,54.37079415,51.9
18.6160036166667,54.3707832,51.3
18.6159868666667,54.3707771166667,51.7
18.6159710666667,54.37077265,51.7
18.6159653666667,54.3707676833333,51.7
18.61595815,54.3707583166667,52.9
18.6159649166667,54.3707692,53.7
18.6159439833333,54.3707753,52.6
18.6159364,54.3707787,53.3
18.6159187333333,54.3707842,52.8
18.6159087,54.37078495,52.6
18.6159000833333,54.3707925,52.3
18.6158804666667,54.37079595,51.3
18.6158640333333,54.3708010333333,50.1
18.6158448166667,54.3708009666667,50.1
18.61585025,54.3708162,49.9
18.6158409666667,54.3708213,49.8
18.6158320666667,54.3708225333333,50
18.6158164833333,54.3708263,50.1
18.61581495,54.3708354833333,49
18.6158046,54.3708416666667,48.8
18.6157973833333,54.3708474,49.1
18.6157864833333,54.3708576,49.2
18.6157688166667,54.3708638,50.1
18.6157539833333,54.3708674166667,50.2
18.6157632,54.37087575,50.1
18.6157611,54.3708981833333,50.4
18.61575705,54.3709187333333,52.3
18.6157257666667,54.3709261833333,52.4
18.6156990666667,54.37093225,53.2
18.6156684333333,54.3709270333333,53.6
18.6156370166667,54.3709285833333,54.2
18.615611,54.3709315666667,53.6
18.6155742833333,54.3709279166667,54.2
18.61555425,54.37092015,53.8
18.61552965,54.37092765,53.7
18.6155157833333,54.37093985,54
18.6155029833333,54.3709577,55
18.6154719666667,54.3709572166667,54.1
18.6154587166667,54.370947,54.2
18.6154575666667,54.3709626833333,55.2
18.6154461833333,54.370977,55.6
18.61543375,54.3709849166667,55.9
18.6154120833333,54.37099305,56
18.6154050833333,54.37099955,55.7
18.6153966,54.3710001333333,55.4
18.61536955,54.37097945,55.5
18.61535405,54.3709861333333,55.7
18.6153345833333,54.3709822166667,55.8
18.61529335,54.3709702333333,58.5
18.61527995,54.37097145,58.4
18.6152652166667,54.3709915666667,60.2
18.6152501666667,54.3709899833333,60.3
18.6152319,54.3709951,60.1
18.6152168166667,54.3709949333333,59.8
18.61521115,54.3710017833333,59.4
18.6151828333333,54.3710002666667,59.4
18.6151564166667,54.3709704166667,55
18.6151399666667,54.3709656166667,55.6
18.6151219,54.3709672666667,56.8
18.6151004166667,54.3709667333333,57.3
18.6150843666667,54.3709802666667,59.1
18.6150673,54.3709769,59.4
18.6150478833333,54.3709753666667,59.1
18.6150329833333,54.37097435,59
18.6150154833333,54.3709749666667,58.7
18.6149971166667,54.3709775833333,58.6
18.6149801166667,54.3709829833333,60.8
18.6149584666667,54.37097325,59.6
18.6149407666667,54.3709860333333,62.2
18.61491745,54.3709909166667,61.9
18.61489665,54.37098435,58.8
18.6148651666667,54.3709730833333,56.8
18.6148531,54.3709745,56.5
18.6148248333333,54.3709562,56.8
18.6147945833333,54.3709543,58
18.6147788333333,54.3709583333333,58.9
18.61475395,54.3709615,59.5
18.6147264833333,54.370961,58.8
18.6147087,54.3709608666667,58.2
18.6146927666667,54.37096635,59.1
18.6146635,54.3709621666667,58.8
18.6146425666667,54.3709662166667,57.4
18.6146187,54.3709681333333,56.4
18.6146061333333,54.3709760166667,56
18.61459095,54.3709824666667,56.2
18.6145756166667,54.3709878,54.7
18.6145523833333,54.3709911,55
18.6145336,54.3709975166667,55.8
18.6145079833333,54.37100565,56.3
18.6144882166667,54.37100475,54.6
18.6144758333333,54.3710036333333,54.5
18.6144543666667,54.3710055666667,54.3
18.6144493666667,54.3710256,55.7
18.6144317833333,54.3710283333333,55.3
18.61440925,54.3710115,54.4
18.6143944666667,54.3710049,54.2
18.6143659666667,54.3709975333333,54.8
18.6143601833333,54.3709846166667,53.9
18.6143741833333,54.3709896333333,54.3
18.6143641166667,54.3709739333333,52.4
18.6143508666667,54.3709674833333,53
18.6143466833333,54.3709496666667,53.1
18.61433005,54.37093075,52.8
18.6143220333333,54.37092205,52.4
18.6143137333333,54.3709126666667,52.4
18.6143094,54.37090375,52.8
18.6143034833333,54.3708949,53.4
18.61429165,54.3708914333333,53.3
18.6142747,54.3708889666667,52.9
18.6142503666667,54.3708920166667,53
18.6142258333333,54.3708903166667,52.7
18.6142112666667,54.3708894,52.5
18.6141855666667,54.3708863333333,52.2
18.6141774666667,54.37089325,53.5
18.6141653166667,54.3708872,53.3
18.61414775,54.3708799,52.5
18.6141346166667,54.3708750666667,52.9
18.6141209833333,54.3708751833333,52.9
18.6141087333333,54.3708772666667,52.5
18.6140847,54.3708817,52.9
18.6140573166667,54.3708785,52.4
18.6140502833333,54.3708839666667,51.9
18.6140329833333,54.3708897166667,51.7
18.613998,54.3709042333333,51.8
18.6139793,54.3709081666667,51.8
18.6139597666667,54.3709119333333,51.4
18.6139322,54.3709020666667,51.7
18.6139161,54.3709138166667,52.9
18.61389695,54.3709125666667,53.6
18.6138711666667,54.3709149666667,54.9
18.6138454833333,54.3709127,54
18.6138309,54.3709118666667,54.5
18.6138186666667,54.3709180666667,55.3
18.6138047166667,54.3709198333333,55.4
18.61378565,54.3709050333333,54.7
18.6137640666667,54.37091075,54.4
18.6137438666667,54.37091495,53.5
18.6137288833333,54.37091945,53.3
18.6137155,54.3709181,53.8
18.6136983,54.37091755,53.3
18.6136811666667,54.37092405,55.2
18.6136623166667,54.37092315,55.4
18.6136478,54.3709170666667,55.2
18.61363255,54.37091345,54
18.6136308666667,54.37092,54.4
18.6136195666667,54.3709183,53.9
18.6136147833333,54.3709212333333,53.7
18.6136106,54.3709251,53.8
18.61360465,54.37092735,53.1
18.61360185,54.3709281833333,52.5
18.6135993166667,54.370928,52.2
18.61359735,54.37093015,52.1
18.6135956666667,54.37092775,51.9
18.6136009166667,54.3709239,51.8
18.6136030833333,54.3709191833333,51.9
18.61360375,54.3709202333333,52.7
18.6136020333333,54.3709202833333,52.8
18.6135996666667,54.3709185166667,53.2
18.6135995333333,54.3709179666667,53.2
18.6135992333333,54.3709180666667,53.3
18.6136107666667,54.3709216166667,54.1
18.61360545,54.37091445,53.1
18.6136053833333,54.3709153,53.5
18.6136029,54.3709133333333,53.5
18.6136065833333,54.3709096,53.6
18.6136046666667,54.3708988833333,53.9
18.61360465,54.3709007166667,54.8
18.6136058333333,54.3709094666667,55.7
18.61360135,54.37091085,56.6
18.6136010833333,54.3709161833333,57.1
18.6135992666667,54.3709178333333,57.8
18.6136072833333,54.37091815,59
18.6135954333333,54.3709329333333,58.5
18.6135767833333,54.3709395666667,57.5
18.6135667833333,54.3709517,57.4
18.6135579833333,54.3709566166667,56.1
18.6135445666667,54.37096485,55.2
18.6135277333333,54.3709784833333,55.5
18.6135161333333,54.3709924,54.7
18.6134978,54.3710042333333,53.7
18.6134744,54.3709996,55.2
18.61345495,54.37100865,55.3
18.6134340833333,54.3710029666667,54.5
18.6134086666667,54.3710017333333,54.1
18.61339915,54.3710024666667,52.7
18.6133760833333,54.37100575,52.5
18.61335585,54.37101295,51.1
18.6133377333333,54.37101595,49.2
18.6133181833333,54.3710222,48.3
18.6132886666667,54.37102785,47.5
18.6132777166667,54.37100825,45
18.61326515,54.3710080833333,44.1
18.6132634333333,54.3710115833333,44.2
18.6132594,54.3710341333333,45.6
18.61326345,54.3710507,45.8
18.6132618666667,54.3710635333333,44.5
18.6132679833333,54.3710786166667,43.6
18.6132715166667,54.3710932166667,42.5
18.6132769,54.3710934166667,41.5
18.6132788,54.3711056333333,42.1
18.6132800166667,54.3711225833333,42.4
18.6132865,54.3711329,42.9
18.6132857333333,54.3711426666667,41.6
18.6133010166667,54.3711500666667,41.7
18.61330715,54.3711672666667,42.4
18.61330895,54.3711801166667,43.8
18.6133119166667,54.3711904666667,44.8
18.6133216666667,54.3712090666667,46.8
18.6133262,54.3712281,46.9
18.6133371833333,54.3712399833333,47
18.6133407,54.3712546166667,47.7
18.6133499166667,54.3712682333333,49.1
18.6133576666667,54.37128725,49
18.6133655166667,54.37129535,49
18.6133706,54.3712982333333,49.5
18.6133698,54.37130545,49.8
18.6133716166667,54.3713138333333,50.3
18.61338585,54.37132045,51
18.6133937166667,54.3713356166667,52.1
18.6133985333333,54.3713448833333,52.7
18.6133982166667,54.3713571333333,52.9
18.6134114333333,54.3713678666667,53.1
18.6134142333333,54.3713762,53.2
18.6134197166667,54.3714024166667,53.7
18.6134293,54.3714299833333,52.9
18.6134454666667,54.3714425666667,52
18.6134621166667,54.37145335,50.8
18.6134706666667,54.37147085,51.1
18.6134805166667,54.3714868666667,51.8
18.61348845,54.3715002333333,50.8
18.6134896833333,54.3715188166667,50
18.6135035333333,54.3715324333333,50.2
18.6135047333333,54.37155205,50.3
18.6135186333333,54.3715647833333,50.7
18.6135227333333,54.3715798833333,51
18.6135331166667,54.37159705,51.8
18.6135506666667,54.37161505,53.1
18.6135653833333,54.3716344333333,54.3
18.6135779666667,54.3716457166667,54.6
18.6135781833333,54.3716593333333,55.1
18.6135932666667,54.3716767666667,55.4
18.6135945166667,54.3716876666667,55.6
18.6136118,54.3717038166667,55.7
18.6136192,54.3717178333333,56.2
18.6136214833333,54.3717333333333,56.8
18.6136246333333,54.3717437833333,56.9
18.6136268166667,54.3717548333333,57.4
18.6136308833333,54.3717662666667,57.9
18.6136442333333,54.3717817666667,58
18.6136425166667,54.3717940166667,58.2
18.6136440333333,54.3718102,57.8
18.61364025,54.3718266833333,56.3
18.6136482333333,54.3718383833333,55.4
18.6136640666667,54.3718427666667,54.2
18.6136578166667,54.3718516666667,53.1
18.61367025,54.3718615333333,51.7
18.6136778166667,54.3718691,51.4
18.61368305,54.3718848666667,50.5
18.6136797333333,54.3718955,49.8
18.61368305,54.3719068666667,49.2
18.6136779666667,54.3719235,49.8
18.6136783666667,54.3719337833333,50.1
18.6136826,54.3719467833333,50.1
18.6136923166667,54.3719600333333,50.1
18.6136980833333,54.3719732666667,50.2
18.6137017166667,54.3719833333333,50.6
18.6136951166667,54.3719981333333,51.4
18.6136993666667,54.3720111333333,51.6
18.6137108,54.3720210166667,52
18.6137180166667,54.3720363166667,52.4
18.6137245333333,54.37204195,53
18.61375105,54.37205555,53.6
18.6137633333333,54.3720671833333,53.6
18.61377725,54.3720802833333,53.6
18.6137926666667,54.3720899333333,52.8
18.6137891166667,54.3721013,54.4
18.6138285,54.3721158166667,55.2
18.6138146833333,54.3721388666667,57.2
18.6138243,54.3721518333333,57
18.6138296833333,54.3721625166667,57.1
18.6138430833333,54.3721825,56.6
18.6138531166667,54.3721924,56.9
18.6138495166667,54.3722065833333,57.4
18.6138474,54.3722153333333,57.9
18.61385185,54.3722293333333,58.6
18.61384925,54.3722159,59.3
18.61385335,54.3722291166667,59.8
18.6138639166667,54.3722407833333,59.9
18.6138829833333,54.3722462333333,60.2
18.6138746833333,54.3722688166667,60.8
18.6138750833333,54.3722892,61.1
18.6138805166667,54.37229475,61.6
18.6138899,54.3723082833333,61.9
18.6139022,54.3723154333333,62.3
18.61390825,54.3723289666667,62.7
18.6139315166667,54.3723372833333,62.8
18.6139460666667,54.3723482,62.8
18.6139666166667,54.3723584333333,62.6
18.6139859833333,54.37236935,62.4
18.6139925666667,54.3723827,62.6
18.6139999333333,54.3723958333333,62.8
18.6139950166667,54.3724149833333,63.4
18.6140132666667,54.3724306833333,62.7
18.6140065,54.3724425333333,62.1
18.6140006166667,54.3724552666667,62.8
18.613999,54.3724483166667,59.4
18.61399625,54.3724635166667,58.8
18.6140063833333,54.3724687666667,57
18.6139975,54.37247335,56.9
18.6139805833333,54.3724972,55
18.6139657666667,54.3725086833333,54.7
18.61395035,54.3725147166667,54.3
18.6139326666667,54.3725143,51.1
18.6139161666667,54.3725194833333,50.5
18.6139049666667,54.3725369166667,50.8
18.6139020833333,54.3725554333333,51.4
18.6138688666667,54.37255645,50.8
18.6138515166667,54.3725626166667,49.8
18.6138357166667,54.3725730666667,48.8
18.6138182666667,54.37257915,48.7
18.6137991333333,54.3725860833333,48.6
18.6137881666667,54.3725920833333,48.4
18.6137772,54.3726005166667,48.4
18.6137617,54.3726116833333,48.6
18.6137145333333,54.37260995,48.2
18.6137236333333,54.3726209666667,47.1
18.6137197833333,54.3726353666667,46.3
18.6137132833333,54.3726578,46.4
18.6136933166667,54.3726627,47.5
18.61368485,54.3726605833333,48.5
18.6136787166667,54.3726691833333,49.3
18.6136664,54.3726813666667,48.4
18.6136644666667,54.3726978,47.2
18.6136708333333,54.37269205,46.9
18.6136614166667,54.3727103333333,46.1
18.61364655,54.3727164833333,44.6
18.6136398166667,54.3727115166667,43.7
18.6136408166667,54.3727393,46.3
18.61362795,54.3727507666667,45.2
18.6136153666667,54.3727686166667,45.4
18.613625,54.37277775,45.8
18.6136246333333,54.3727851666667,44.9
18.6136057833333,54.3728024333333,44.5
18.6135810833333,54.3728145166667,44.6
18.6135384666667,54.3728301833333,43.4
18.6135078833333,54.3728361166667,43.2
18.6134926333333,54.372837,43.8
18.6134792666667,54.3728358333333,43.9
18.6134633666667,54.3728415,44.3
18.6134489333333,54.3728151666667,43.6
18.6134406166667,54.3728137333333,44.7
18.6134452833333,54.3728284333333,45.8
18.6133939333333,54.3728311,46.8
18.6133319166667,54.3728348166667,48.1
18.6133024333333,54.3728422833333,49.1
18.6132798833333,54.37286395,48.4
18.6132808333333,54.37288025,47.9
18.6133429333333,54.3728485166667,47.8
18.61336955,54.3728376166667,48.1
18.6133514,54.3728763666667,48
18.6133348,54.37287525,46.2
18.61332215,54.37287955,47.1
18.6133211,54.3728979833333,49.4
18.6133117,54.3728985833333,48.3
18.6133114833333,54.3729133166667,48.9
18.6132867,54.37292645,48
18.6133116,54.3729352333333,47.9
18.6133173666667,54.3729434,49.1
18.6133351833333,54.3729481666667,48.6
18.61334585,54.3729578,48.4
18.613363,54.3729654,47.8
18.6133852833333,54.37294835,46.6
18.6134114,54.3729816,45.8
18.613406,54.3729945833333,44.7
18.6134198166667,54.3730024166667,44.2
18.6134042166667,54.3729819333333,44.8
18.6134114333333,54.3729912666667,46.9
18.6134121833333,54.3729824833333,46
18.61341195,54.3729807333333,45.9
18.6134119833333,54.3729812666667,45.9
18.6134119833333,54.3729815333333,45.9
18.6134119833333,54.3729815333333,45.9
18.61341195,54.3729810833333,45.9
18.61341195,54.3729810833333,45.9
18.61341195,54.3729810833333,45.9
18.61341195,54.3729810833333,45.9
18.61341195,54.3729810833333,45.9
18.6134123333333,54.37298125,45.9
18.6134123333333,54.3729812333333,45.9
18.6134123833333,54.3729810166667,45.9
18.6134113833333,54.3729765666667,45.7
18.6134115,54.3729710333333,45.3
18.6134083166667,54.3729687833333,45.2
18.61340985,54.3729659833333,45.1
18.61340965,54.3729594666667,44.7
18.61340815,54.3729575166667,44.8
18.6134078333333,54.3729579333333,44.7
18.6134064666667,54.37296085,45.1
18.61340675,54.3729610666667,45.1
18.6133151833333,54.3729385833333,44.5
18.61332335,54.3729874666667,45.7
18.6132845,54.3730219,47.5
18.6132578,54.3730255333333,47.1
18.6131971666667,54.3730222666667,47.1
18.61319335,54.3730218166667,46.6
18.61319385,54.373028,48.1
18.6132137833333,54.3730627,48.6
18.6132363166667,54.3730715,48.2
18.6132810666667,54.3730642833333,46.7
18.6132534833333,54.3730835166667,46.4
18.6132183333333,54.373004,45.1
18.6131855333333,54.3728807666667,44
18.6132181833333,54.3728842666667,45.2
18.6130091,54.3727855,43.8
18.6129726333333,54.3727803666667,44.1
18.6129370666667,54.3728508,43.7
18.6129476166667,54.3728902833333,44.3
18.6129325333333,54.3728946,43.9
18.6129185833333,54.3728967666667,43.6
18.61290465,54.3728989333333,43.4
18.6128168166667,54.3723142666667,102.4
18.6127907833333,54.3723672,101.4
18.6127532833333,54.3723555,102
18.6127874,54.3723377666667,101
18.6127496666667,54.37239285,98.1
18.6127204166667,54.3723789166667,97.4
18.6127026833333,54.37236455,97.3
18.6127111833333,54.3723636166667,97.3
18.6127080333333,54.3723645,96.9
18.6127296833333,54.3723618,94.9
18.61272995,54.3723650333333,93.7
18.6127286166667,54.3723691166667,92.9
18.6127233666667,54.3723663666667,91.5
18.6127133333333,54.37238525,91.1
18.6127179333333,54.3723752833333,89.9
18.6127181166667,54.3723667333333,89.1
18.6127175833333,54.3723665333333,89.1
18.6127177833333,54.37236625,89.1
18.6127170666667,54.3723673333333,89
18.6127169666667,54.3723674166667,89
18.61271645,54.3723684,89
18.6127160666667,54.3723688333333,88.9
18.6127160666667,54.3723688333333,88.9
18.6127160833333,54.3723688,88.9
18.6127160833333,54.3723688,88.9
18.6127161333333,54.3723689666667,88.9
18.6127166833333,54.3723695166667,88.9
18.6127169,54.3723702833333,88.8
18.61271725,54.3723714833333,88.7
18.6127939333333,54.3726521333333,65.5
18.61280125,54.3726660833333,63.8
18.6128037,54.37269065,60.7
18.6127258166667,54.3728104166667,55.2
18.6127337666667,54.3728472666667,50.5
18.6129569833333,54.3728423833333,50.2
18.6131362666667,54.3728742666667,49.7
18.6132053,54.3728699833333,49.8
18.6132469666667,54.372874,50
18.6133025333333,54.3728559666667,51.1
18.6133149666667,54.3728694333333,53.2
18.6133218166667,54.3728642666667,53.6
18.6133117833333,54.3729040666667,55.8
18.6133263333333,54.37291815,56.9
18.6133223,54.3729119166667,55.3
18.61333205,54.3729192833333,55
18.6133561,54.3729132666667,53.7
18.6133631666667,54.3728833833333,48.6
18.6133785,54.3729024,47.5
18.6133895833333,54.3728935833333,46.6
18.6134225333333,54.3728948333333,48.3
18.6134421666667,54.3728890833333,48.1
18.6134707166667,54.3728919666667,50
18.6134891,54.37289095,51.4
18.6134897333333,54.3728776166667,51.7
18.6135022166667,54.3728627166667,53.1
18.61351845,54.3728510833333,53.8
18.6135458333333,54.3728381333333,54.3
18.6135618666667,54.3728271166667,54.8
18.6135481333333,54.3728118666667,54
18.6135312333333,54.3727943833333,52.2
18.61353795,54.3727824666667,53.4
18.6135346166667,54.3727696666667,53.6
18.6135280666667,54.3727563333333,54
18.6135267,54.3727392166667,54.2
18.6135187166667,54.37272665,54.3
18.6135101833333,54.37270915,53.1
18.61351405,54.3727016,53.8
18.6135159,54.37269145,54.4
18.6135223666667,54.3726783,54.9
18.61351625,54.3726645,55
18.6135131666667,54.3726507666667,55.1
18.6134980166667,54.37263915,55.4
18.6134871833333,54.3726264166667,55.2
18.6134887666667,54.37261675,55.7
18.6134816833333,54.3726016,55.7
18.6134724833333,54.3725847,55.2
18.6134632166667,54.3725708833333,55
18.6134559833333,54.3725581666667,55.5
18.6134501166667,54.3725418166667,55.8
18.6134461166667,54.3725309,55.2
18.6134313833333,54.3725137166667,54.3
18.6134234666667,54.3725046666667,54.1
18.6134183166667,54.37248495,54.2
18.61339365,54.3724707666667,52.8
18.6134078833333,54.3724663333333,52.5
18.6134074333333,54.3724547166667,52.4
18.6133903333333,54.37243345,53.5
18.6133831166667,54.3724164333333,54.4
18.6133722166667,54.3724060833333,55
18.6133664833333,54.3723937833333,55.4
18.6133622833333,54.3723795333333,55.2
18.6133564833333,54.372369,55
18.6133590333333,54.37235145,55.5
18.6133539833333,54.3723374,55.8
18.6133475666667,54.3723252666667,55.7
18.61333155,54.37231075,55.4
18.6133216666667,54.3723073833333,56
18.6133004166667,54.3722957666667,56.3
18.6132974166667,54.3722815166667,55.5
18.6132926333333,54.3722672,55.1
18.6132961833333,54.3722570166667,56.6
18.6132906166667,54.3722450333333,57.4
18.6132720833333,54.3722312,57.4
18.6132645,54.3722216166667,57.6
18.6132558333333,54.3722060166667,57.9
18.6132490666667,54.3721911333333,58.1
18.6132450333333,54.3721791166667,57.9
18.6132426333333,54.3721654333333,58.1
18.6132514333333,54.372145,58.2
18.6132487,54.3721287333333,57.8
18.6132603833333,54.3721145166667,57.7
18.6132737333333,54.3720960833333,58.6
18.6132833166667,54.37208,59.3
18.61327955,54.37206865,60.5
18.6132906,54.3720529666667,62.4
18.6132800666667,54.3720415666667,63.2
18.6132885,54.3720221666667,64.1
18.6132920333333,54.3720203666667,63.2
18.6132890333333,54.3720048,64.2
18.61328665,54.37198865,64.5
18.61328685,54.37197305,65.9
18.6132824,54.3719605833333,66.2
18.6132663833333,54.3719457666667,64.2
18.6132590666667,54.3719305666667,64.1
18.6132532,54.3719188,63.7
18.61325235,54.3719094833333,64.4
18.61323935,54.3718940833333,64.3
18.6132225,54.3718823166667,63.9
18.6132179666667,54.3718654,64.1
18.6132145166667,54.3718548666667,64.9
18.613215,54.3718470833333,64.2
18.6132054666667,54.3718337333333,63.4
18.61319395,54.3718170333333,63.4
18.6131921666667,54.37180735,64.1
18.6131900666667,54.3718008666667,65.5
18.61317165,54.3717956833333,65
18.6131707333333,54.3717813666667,66.7
18.6131632833333,54.37176885,66.7
18.61315625,54.3717555833333,67.4
18.6131475333333,54.3717417166667,66.2
18.6131448666667,54.3717318333333,67.5
18.6131348666667,54.37171545,68.2
18.6131252166667,54.3717027666667,68.4
18.6131240666667,54.3716896833333,70
18.6131148666667,54.3716737666667,70.4
18.6130987833333,54.3716518333333,70.5
18.6130987833333,54.37164375,71.2
18.6130908833333,54.37162825,71.3
18.6130894333333,54.3716119,73.1
18.6130673833333,54.3716035666667,73.1
18.61306755,54.37158935,73.2
18.6130626833333,54.37156995,72.3
18.6130574166667,54.37155195,71.9
18.6130488333333,54.3715381833333,72.6
18.6130388166667,54.371518,72.3
18.6130181666667,54.3715089166667,70.4
18.6130083333333,54.3714953,69.2
18.6130103,54.3714714666667,69
18.6130125833333,54.3714511666667,69.3
18.61302165,54.37144085,68
18.6130283833333,54.37143295,67.1
18.6130427666667,54.3714182166667,66.5
18.6130476833333,54.3714026166667,65.4
18.6130764833333,54.3713804166667,65.3
18.6131132333333,54.3713663333333,66.7
18.6131428,54.3713655,69.1
18.6131554666667,54.37136835,69.9
18.6131604166667,54.37136225,69.8
18.6131633833333,54.3713581833333,69.7
18.6131929833333,54.3713513833333,68.4
18.6132105666667,54.37134525,67.7
18.6132311166667,54.3713381166667,67.1
18.6132470666667,54.371332,66.4
18.6132701833333,54.3713269,65
18.6133030833333,54.3713257666667,65.3
18.6133239,54.3713190166667,64.7
18.6133395666667,54.37131555,64.8
18.6133454,54.3713030333333,64.8
18.61336495,54.3712923166667,65.4
18.6133788666667,54.3712808166667,65.8
18.6133885,54.37126535,66
18.6133884333333,54.3712533166667,65.3
18.6133814166667,54.37124085,65.1
18.6133837,54.3712291666667,64.4
18.6133777833333,54.3712111333333,64.3
18.61337715,54.3712014333333,64.3
18.6133710666667,54.3711911166667,64.2
18.6133756833333,54.3711850333333,64.5
18.61337485,54.3711711833333,65
18.6133745833333,54.3711629166667,65.1
18.6133816833333,54.3711457,65
18.6133733,54.3711370833333,64.8
18.6133594,54.3711253,64.4
18.61334465,54.3711039666667,65.2
18.6133514666667,54.37110035,66.6
18.6133484,54.3710955,66.6
18.6133559833333,54.3710862,66.1
18.6133569333333,54.3710765,68.2
18.6133658166667,54.3710698333333,68.7
18.6133823,54.3710595833333,68.8
18.6133975833333,54.37105365,68.7
18.6134130666667,54.37105015,69.3
18.61343075,54.37104215,69.6
18.6134467333333,54.3710436833333,69.2
18.61345725,54.3710399166667,70.9
18.61346785,54.3710306,70.7
18.6134958,54.3710312833333,69.7
18.6135132666667,54.3710285666667,68.7
18.6135327,54.3710337166667,67.7
18.6135322,54.37102615,66.7
18.6135333166667,54.37100675,67
18.61351675,54.3710119833333,66.4
18.6135068666667,54.3710095833333,67.2
18.61349305,54.3710085333333,67
18.6134843166667,54.3710082,66.6
18.6134860666667,54.37099925,65.9
18.6134879,54.3709963833333,65.6
18.61348575,54.3709905333333,64.6
18.613484,54.3709845,64
18.6134837,54.3709758333333,63.1
18.6134795166667,54.3709715666667,62.3
18.6134764166667,54.3709721333333,62.2
18.61347465,54.3709712333333,62.1
18.61347525,54.3709690833333,62.1
18.6134754,54.37096795,62.2
18.6134755666667,54.3709676833333,62.1
18.61347555,54.3709676833333,62.1
18.6134755,54.3709676666667,62.1
18.6134754333333,54.3709677333333,62.1
18.6134753333333,54.37096775,62.1
18.6134752,54.3709677666667,62.1
18.61347515,54.3709677833333,62.1
18.61347515,54.3709677,62.1
18.6134750666667,54.3709676,62.1
18.613475,54.3709675333333,62.1
18.6134746166667,54.3709671833333,62.2
18.6134743333333,54.3709668833333,62.2
18.6134738666667,54.3709668666667,62.3
18.6134692666667,54.3709679,62.5
18.6134591,54.37096545,60.9
18.6134563666667,54.3709644166667,60.3
18.6134560166667,54.37096105,59.9
18.6134529833333,54.3709555833333,58.4
18.6134527833333,54.3709516666667,58
18.61345315,54.3709503833333,58
18.6134520666667,54.3709448666667,57.9
18.6134526333333,54.3709444333333,58.5
18.6134505333333,54.3709418333333,58.7
18.6134478666667,54.3709362666667,58.6
18.6134467333333,54.3709336166667,58.6
18.61344585,54.3709326166667,58.6
18.6134454666667,54.3709309,58.6
18.6134452666667,54.3709302333333,58.7
18.61344515,54.3709297833333,58.7
18.61344515,54.3709297,58.6
18.6134450833333,54.3709295833333,58.7
18.6134451333333,54.3709294833333,58.6
18.6134451833333,54.3709294833333,58.6
18.6134451833333,54.3709294833333,58.6
18.6134451833333,54.37092945,58.6
18.6134452,54.3709294166667,58.6
18.61344525,54.3709293833333,58.6
18.61344525,54.3709293333333,58.6
18.6134452833333,54.3709293166667,58.6
18.6134453,54.3709292333333,58.6
18.61344535,54.37092925,58.6
18.6134453666667,54.3709292,58.6
18.6134455,54.3709294,58.6
18.6134455666667,54.3709297666667,58.7
18.6134455666667,54.3709297333333,58.7
18.6134456,54.3709297,58.7
18.6134456333333,54.3709296666667,58.7
18.6134456,54.3709295666667,58.7
18.6134455666667,54.3709294833333,58.7
18.6134455333333,54.3709293666667,58.7
18.6134455,54.3709292166667,58.7
18.6134455333333,54.3709290833333,58.7
18.6134455666667,54.3709289666667,58.7
18.6134455666667,54.3709288666667,58.7
18.6134455333333,54.3709287666667,58.7
18.6134455833333,54.3709287166667,58.7
18.6134456,54.3709289166667,58.7
18.6134456333333,54.37092885,58.7
18.61344565,54.37092875,58.7
18.61344565,54.37092915,58.7
18.6134456666667,54.3709290833333,58.7
18.6134456833333,54.3709291,58.7
18.6134456333333,54.3709289166667,58.7
18.6134455833333,54.3709288166667,58.7
18.6134455666667,54.3709287666667,58.7
18.6134456166667,54.3709287666667,58.7
18.6134456833333,54.3709287333333,58.7
18.6134392333333,54.3709280666667,59.4
18.6134455166667,54.3709304833333,58
18.6134455666667,54.3709299166667,58
18.6134454,54.3709284833333,58.5
18.6134521666667,54.3709305833333,59.7
18.6134543,54.3709289833333,60.2
18.6134557833333,54.3709246333333,59.9
18.61345555,54.3709217,60
18.6134557,54.3709210333333,60.1
18.6134579333333,54.3709177,59.7
18.6134577666667,54.3709175333333,59.4
18.6134577833333,54.3709169166667,59.1
18.6134581166667,54.3709177333333,59
18.6134589,54.3709173166667,59
18.61345985,54.37094045,60.3
18.6134605,54.3709424,60.2
18.61346155,54.3709437166667,60.2
18.6134666666667,54.3709398,60
18.6134692666667,54.3709408333333,59.9
18.61346675,54.37094185,60.4
18.6134654166667,54.3709387,59.1
18.6134624166667,54.3709351,56.8
18.6134622,54.3709363,55.5
18.61345995,54.3709250666667,53.8
18.6134573,54.3709183,52.6
18.61345155,54.3709184333333,52
18.6134477166667,54.37092475,52.3
18.6134455833333,54.3709197666667,51.9
18.6134448833333,54.3709212,52.2
18.6134492,54.37092605,52.1
18.6134533666667,54.3709313,52.9
18.61345455,54.3709317333333,53
18.6134551,54.3709303,52.6
18.6134638833333,54.3709312833333,53.4
18.61347205,54.3709267666667,53.4
18.6134876666667,54.3709380666667,54.6
18.6134950166667,54.37093985,55
18.6135014833333,54.3709438333333,55
18.6135016666667,54.3709412,54.7
18.6135008833333,54.3709365,54.3
18.6135010333333,54.3709316833333,53.4
18.6134858,54.37093495,53.2
18.6134617833333,54.3709351,53.2
18.6134596166667,54.37092895,52.1
18.6134435166667,54.3709358166667,52.2
18.6134263833333,54.3709301666667,51.6
18.6133994,54.3709327166667,51.7
18.6133748666667,54.3709281166667,50.7
18.6133427,54.3709398166667,49.9
18.6133019166667,54.3709370333333,49.3
18.6132479833333,54.3709537,48.8
18.6132156666667,54.3709548333333,48.1
18.6131870166667,54.37096615,50
18.61315545,54.37098265,50.2
18.6131525833333,54.3709717166667,50.2
18.61316245,54.3709592666667,49.6
18.6131557333333,54.3709510166667,49.9
18.6131471,54.3709432,49.4
18.6131456,54.3709358333333,49
18.61314,54.3709281833333,49.4
18.6131339833333,54.3709238,49.6
18.613128,54.3709194166667,49.8
	
        </coordinates>
      </LineString>
    </Placemark>  
  </Document>
</kml>
